shape_id,shape_pt_lat,shape_pt_lon,shape_pt_sequence
SAKURA_OUT,35.33,139.49,1
SAKURA_OUT,35.328445,139.487769,2
SAKURA_OUT,35.327113,139.485468,3
SAKURA_OUT,35.326004,139.483098,4
SAKURA_OUT,35.325118,139.480658,5
SAKURA_OUT,35.324454,139.478148,6
SAKURA_OUT,35.324013,139.475569,7
SAKURA_OUT,35.323795,139.472919,8
SAKURA_OUT,35.3238,139.4702,9
SAKURA_OUT,35.32362,139.467201,10
SAKURA_OUT,35.323246,139.464263,11
SAKURA_OUT,35.322676,139.461385,12
SAKURA_OUT,35.321911,139.458567,13
SAKURA_OUT,35.320951,139.45581,14
SAKURA_OUT,35.319796,139.453113,15
SAKURA_OUT,35.318445,139.450476,16
SAKURA_OUT,35.3169,139.4479,17
SAKURA_OUT,35.315408,139.445388,18
SAKURA_OUT,35.31416,139.442819,19
SAKURA_OUT,35.313157,139.440193,20
SAKURA_OUT,35.312397,139.437509,21
SAKURA_OUT,35.311882,139.434768,22
SAKURA_OUT,35.31161,139.431969,23
SAKURA_OUT,35.311583,139.429113,24
SAKURA_OUT,35.3118,139.4262,25
SAKURA_OUT,35.312994,139.423167,26
SAKURA_OUT,35.313968,139.420103,27
SAKURA_OUT,35.314722,139.417011,28
SAKURA_OUT,35.315257,139.413888,29
SAKURA_OUT,35.315572,139.410736,30
SAKURA_OUT,35.315668,139.407554,31
SAKURA_OUT,35.315544,139.404342,32
SAKURA_OUT,35.3152,139.4011,33
SAKURA_OUT,35.315274,139.397889,34
SAKURA_OUT,35.315609,139.394767,35
SAKURA_OUT,35.316205,139.391733,36
SAKURA_OUT,35.317062,139.388789,37
SAKURA_OUT,35.31818,139.385933,38
SAKURA_OUT,35.319559,139.383167,39
SAKURA_OUT,35.321199,139.380489,40
SAKURA_OUT,35.3231,139.3779,41
SAKURA_OUT,35.325222,139.375783,42
SAKURA_OUT,35.32717,139.37356,43
SAKURA_OUT,35.328943,139.371232,44
SAKURA_OUT,35.330543,139.368797,45
SAKURA_OUT,35.331968,139.366257,46
SAKURA_OUT,35.33322,139.36361,47
SAKURA_OUT,35.334297,139.360858,48
SAKURA_OUT,35.3352,139.358,49
SAKURA_OUT,35.336112,139.355267,50
SAKURA_OUT,35.337224,139.352679,51
SAKURA_OUT,35.338536,139.350237,52
SAKURA_OUT,35.340048,139.347939,53
SAKURA_OUT,35.341761,139.345787,54
SAKURA_OUT,35.343674,139.343779,55
SAKURA_OUT,35.345787,139.341917,56
SAKURA_OUT,35.3481,139.3402,57
SAKURA_IN,35.3481,139.3402,1
SAKURA_IN,35.345787,139.341917,2
SAKURA_IN,35.343674,139.343779,3
SAKURA_IN,35.341761,139.345787,4
SAKURA_IN,35.340048,139.347939,5
SAKURA_IN,35.338536,139.350237,6
SAKURA_IN,35.337224,139.352679,7
SAKURA_IN,35.336112,139.355267,8
SAKURA_IN,35.3352,139.358,9
SAKURA_IN,35.334297,139.360858,10
SAKURA_IN,35.33322,139.36361,11
SAKURA_IN,35.331968,139.366257,12
SAKURA_IN,35.330543,139.368797,13
SAKURA_IN,35.328943,139.371232,14
SAKURA_IN,35.32717,139.37356,15
SAKURA_IN,35.325222,139.375783,16
SAKURA_IN,35.3231,139.3779,17
SAKURA_IN,35.321199,139.380489,18
SAKURA_IN,35.319559,139.383167,19
SAKURA_IN,35.31818,139.385933,20
SAKURA_IN,35.317062,139.388789,21
SAKURA_IN,35.316205,139.391733,22
SAKURA_IN,35.315609,139.394767,23
SAKURA_IN,35.315274,139.397889,24
SAKURA_IN,35.3152,139.4011,25
SAKURA_IN,35.315544,139.404342,26
SAKURA_IN,35.315668,139.407554,27
SAKURA_IN,35.315572,139.410736,28
SAKURA_IN,35.315257,139.413888,29
SAKURA_IN,35.314722,139.417011,30
SAKURA_IN,35.313968,139.420103,31
SAKURA_IN,35.312994,139.423167,32
SAKURA_IN,35.3118,139.4262,33
SAKURA_IN,35.311583,139.429113,34
SAKURA_IN,35.31161,139.431969,35
SAKURA_IN,35.311882,139.434768,36
SAKURA_IN,35.312397,139.437509,37
SAKURA_IN,35.313157,139.440193,38
SAKURA_IN,35.31416,139.442819,39
SAKURA_IN,35.315408,139.445388,40
SAKURA_IN,35.3169,139.4479,41
SAKURA_IN,35.318445,139.450476,42
SAKURA_IN,35.319796,139.453113,43
SAKURA_IN,35.320951,139.45581,44
SAKURA_IN,35.321911,139.458567,45
SAKURA_IN,35.322676,139.461385,46
SAKURA_IN,35.323246,139.464263,47
SAKURA_IN,35.32362,139.467201,48
SAKURA_IN,35.3238,139.4702,49
SAKURA_IN,35.323795,139.472919,50
SAKURA_IN,35.324013,139.475569,51
SAKURA_IN,35.324454,139.478148,52
SAKURA_IN,35.325118,139.480658,53
SAKURA_IN,35.326004,139.483098,54
SAKURA_IN,35.327113,139.485468,55
SAKURA_IN,35.328445,139.487769,56
SAKURA_IN,35.33,139.49,57
